start=15.440000
volume=15.000000
